calculate pval of category closeness

cat_dict: dict_cat_2
cat_name Gender: N.A.
inst_mean: 0.0
-------------
{'prob': array([ 0.,  0.,  0.,  0.,  0.,  0.,  0.,  0.,  0.,  0.,  0.,  0.,  0.,
        0.,  0.,  1.,  0.,  0.,  0.,  0.,  0.,  0.,  0.,  0.,  0.,  0.,
        0.,  0.,  0.,  0.]), 'bins': array([-0.5       , -0.46666667, -0.43333333, -0.4       , -0.36666667,
       -0.33333333, -0.3       , -0.26666667, -0.23333333, -0.2       ,
       -0.16666667, -0.13333333, -0.1       , -0.06666667, -0.03333333,
        0.        ,  0.03333333,  0.06666667,  0.1       ,  0.13333333,
        0.16666667,  0.2       ,  0.23333333,  0.26666667,  0.3       ,
        0.33333333,  0.36666667,  0.4       ,  0.43333333,  0.46666667,
        0.5       ])}
-------------
pval 1.0

cat_name Gender: F
inst_mean: 11.2222222222
-------------
{'prob': array([ 0.002,  0.001,  0.004,  0.002,  0.005,  0.005,  0.005,  0.014,
        0.021,  0.024,  0.036,  0.039,  0.039,  0.057,  0.056,  0.064,
        0.061,  0.094,  0.091,  0.071,  0.069,  0.048,  0.045,  0.04 ,
        0.039,  0.027,  0.016,  0.017,  0.003,  0.005]), 'bins': array([  8.05555556,   8.40185185,   8.74814815,   9.09444444,
         9.44074074,   9.78703704,  10.13333333,  10.47962963,
        10.82592593,  11.17222222,  11.51851852,  11.86481481,
        12.21111111,  12.55740741,  12.9037037 ,  13.25      ,
        13.5962963 ,  13.94259259,  14.28888889,  14.63518519,
        14.98148148,  15.32777778,  15.67407407,  16.02037037,
        16.36666667,  16.71296296,  17.05925926,  17.40555556,
        17.75185185,  18.09814815,  18.44444444])}
-------------
pval 0.083

cat_name Gender: M
inst_mean: 15.802734375
-------------
{'prob': array([ 0.004,  0.002,  0.003,  0.006,  0.006,  0.004,  0.015,  0.026,
        0.029,  0.03 ,  0.031,  0.046,  0.055,  0.06 ,  0.067,  0.075,
        0.079,  0.088,  0.073,  0.064,  0.072,  0.044,  0.04 ,  0.029,
        0.021,  0.011,  0.009,  0.005,  0.005,  0.001]), 'bins': array([ 12.78320312,  12.91210938,  13.04101562,  13.16992188,
        13.29882812,  13.42773438,  13.55664062,  13.68554688,
        13.81445312,  13.94335938,  14.07226562,  14.20117188,
        14.33007812,  14.45898438,  14.58789062,  14.71679688,
        14.84570312,  14.97460938,  15.10351562,  15.23242188,
        15.36132812,  15.49023438,  15.61914062,  15.74804688,
        15.87695312,  16.00585938,  16.13476562,  16.26367188,
        16.39257812,  16.52148438,  16.65039062])}
-------------
pval 0.948


cat_dict: dict_cat_3
cat_name exp-group-5: true
inst_mean: 14.7
-------------
{'prob': array([ 0.002,  0.001,  0.001,  0.002,  0.004,  0.005,  0.014,  0.015,
        0.02 ,  0.018,  0.019,  0.032,  0.043,  0.052,  0.057,  0.068,
        0.073,  0.072,  0.089,  0.077,  0.054,  0.074,  0.057,  0.049,
        0.032,  0.02 ,  0.019,  0.014,  0.011,  0.006]), 'bins': array([  6.6       ,   7.00533333,   7.41066667,   7.816     ,
         8.22133333,   8.62666667,   9.032     ,   9.43733333,
         9.84266667,  10.248     ,  10.65333333,  11.05866667,
        11.464     ,  11.86933333,  12.27466667,  12.68      ,
        13.08533333,  13.49066667,  13.896     ,  14.30133333,
        14.70666667,  15.112     ,  15.51733333,  15.92266667,
        16.328     ,  16.73333333,  17.13866667,  17.544     ,
        17.94933333,  18.35466667,  18.76      ])}
-------------
pval 0.664

cat_name exp-group-5: false
inst_mean: 11.9836734694
-------------
{'prob': array([ 0.002,  0.   ,  0.   ,  0.   ,  0.008,  0.007,  0.007,  0.01 ,
        0.011,  0.025,  0.029,  0.039,  0.038,  0.051,  0.078,  0.053,
        0.065,  0.074,  0.073,  0.091,  0.08 ,  0.057,  0.064,  0.052,
        0.029,  0.018,  0.019,  0.01 ,  0.007,  0.003]), 'bins': array([ 12.89142857,  13.00484354,  13.1182585 ,  13.23167347,
        13.34508844,  13.4585034 ,  13.57191837,  13.68533333,
        13.7987483 ,  13.91216327,  14.02557823,  14.1389932 ,
        14.25240816,  14.36582313,  14.4792381 ,  14.59265306,
        14.70606803,  14.81948299,  14.93289796,  15.04631293,
        15.15972789,  15.27314286,  15.38655782,  15.49997279,
        15.61338776,  15.72680272,  15.84021769,  15.95363265,
        16.06704762,  16.18046259,  16.29387755])}
-------------
pval 0.002


cat_dict: dict_cat_0
cat_name Histology: SCLC
inst_mean: 8.70833333333
-------------
{'prob': array([ 0.002,  0.001,  0.004,  0.002,  0.005,  0.005,  0.005,  0.014,
        0.021,  0.024,  0.036,  0.039,  0.039,  0.057,  0.056,  0.064,
        0.061,  0.094,  0.091,  0.071,  0.069,  0.048,  0.045,  0.04 ,
        0.039,  0.027,  0.016,  0.017,  0.003,  0.005]), 'bins': array([  8.05555556,   8.40185185,   8.74814815,   9.09444444,
         9.44074074,   9.78703704,  10.13333333,  10.47962963,
        10.82592593,  11.17222222,  11.51851852,  11.86481481,
        12.21111111,  12.55740741,  12.9037037 ,  13.25      ,
        13.5962963 ,  13.94259259,  14.28888889,  14.63518519,
        14.98148148,  15.32777778,  15.67407407,  16.02037037,
        16.36666667,  16.71296296,  17.05925926,  17.40555556,
        17.75185185,  18.09814815,  18.44444444])}
-------------
pval 0.003

cat_name Histology: NSCLC
inst_mean: 11.1037649219
-------------
{'prob': array([ 0.002,  0.001,  0.001,  0.003,  0.002,  0.01 ,  0.009,  0.017,
        0.014,  0.03 ,  0.025,  0.032,  0.037,  0.054,  0.068,  0.069,
        0.078,  0.084,  0.086,  0.063,  0.07 ,  0.057,  0.055,  0.051,
        0.026,  0.023,  0.014,  0.008,  0.008,  0.003]), 'bins': array([ 12.74196511,  12.86550352,  12.98904193,  13.11258035,
        13.23611876,  13.35965718,  13.48319559,  13.60673401,
        13.73027242,  13.85381084,  13.97734925,  14.10088766,
        14.22442608,  14.34796449,  14.47150291,  14.59504132,
        14.71857974,  14.84211815,  14.96565657,  15.08919498,
        15.21273339,  15.33627181,  15.45981022,  15.58334864,
        15.70688705,  15.83042547,  15.95396388,  16.0775023 ,
        16.20104071,  16.32457912,  16.44811754])}
-------------
pval 0.002


cat_dict: dict_cat_1
cat_name Plex: Plex-1
inst_mean: 1.92
-------------
{'prob': array([ 0.001,  0.001,  0.003,  0.003,  0.01 ,  0.007,  0.01 ,  0.024,
        0.015,  0.036,  0.03 ,  0.047,  0.053,  0.064,  0.064,  0.076,
        0.062,  0.066,  0.07 ,  0.077,  0.06 ,  0.053,  0.053,  0.039,
        0.028,  0.029,  0.009,  0.008,  0.   ,  0.002]), 'bins': array([  1.6 ,   2.24,   2.88,   3.52,   4.16,   4.8 ,   5.44,   6.08,
         6.72,   7.36,   8.  ,   8.64,   9.28,   9.92,  10.56,  11.2 ,
        11.84,  12.48,  13.12,  13.76,  14.4 ,  15.04,  15.68,  16.32,
        16.96,  17.6 ,  18.24,  18.88,  19.52,  20.16,  20.8 ])}
-------------
pval 0.001

cat_name Plex: Plex-3
inst_mean: 7.04
-------------
{'prob': array([ 0.001,  0.001,  0.003,  0.003,  0.01 ,  0.007,  0.01 ,  0.024,
        0.015,  0.036,  0.03 ,  0.047,  0.053,  0.064,  0.064,  0.076,
        0.062,  0.066,  0.07 ,  0.077,  0.06 ,  0.053,  0.053,  0.039,
        0.028,  0.029,  0.009,  0.008,  0.   ,  0.002]), 'bins': array([  1.6 ,   2.24,   2.88,   3.52,   4.16,   4.8 ,   5.44,   6.08,
         6.72,   7.36,   8.  ,   8.64,   9.28,   9.92,  10.56,  11.2 ,
        11.84,  12.48,  13.12,  13.76,  14.4 ,  15.04,  15.68,  16.32,
        16.96,  17.6 ,  18.24,  18.88,  19.52,  20.16,  20.8 ])}
-------------
pval 0.074

cat_name Plex: Plex-2
inst_mean: 13.76
-------------
{'prob': array([ 0.001,  0.001,  0.003,  0.003,  0.01 ,  0.007,  0.01 ,  0.024,
        0.015,  0.036,  0.03 ,  0.047,  0.053,  0.064,  0.064,  0.076,
        0.062,  0.066,  0.07 ,  0.077,  0.06 ,  0.053,  0.053,  0.039,
        0.028,  0.029,  0.009,  0.008,  0.   ,  0.002]), 'bins': array([  1.6 ,   2.24,   2.88,   3.52,   4.16,   4.8 ,   5.44,   6.08,
         6.72,   7.36,   8.  ,   8.64,   9.28,   9.92,  10.56,  11.2 ,
        11.84,  12.48,  13.12,  13.76,  14.4 ,  15.04,  15.68,  16.32,
        16.96,  17.6 ,  18.24,  18.88,  19.52,  20.16,  20.8 ])}
-------------
pval 0.719

cat_name Plex: Plex-5
inst_mean: 11.52
-------------
{'prob': array([ 0.001,  0.001,  0.003,  0.003,  0.01 ,  0.007,  0.01 ,  0.024,
        0.015,  0.036,  0.03 ,  0.047,  0.053,  0.064,  0.064,  0.076,
        0.062,  0.066,  0.07 ,  0.077,  0.06 ,  0.053,  0.053,  0.039,
        0.028,  0.029,  0.009,  0.008,  0.   ,  0.002]), 'bins': array([  1.6 ,   2.24,   2.88,   3.52,   4.16,   4.8 ,   5.44,   6.08,
         6.72,   7.36,   8.  ,   8.64,   9.28,   9.92,  10.56,  11.2 ,
        11.84,  12.48,  13.12,  13.76,  14.4 ,  15.04,  15.68,  16.32,
        16.96,  17.6 ,  18.24,  18.88,  19.52,  20.16,  20.8 ])}
-------------
pval 0.444

cat_name Plex: Plex-4
inst_mean: 4.48
-------------
{'prob': array([ 0.001,  0.001,  0.003,  0.003,  0.01 ,  0.007,  0.01 ,  0.024,
        0.015,  0.036,  0.03 ,  0.047,  0.053,  0.064,  0.064,  0.076,
        0.062,  0.066,  0.07 ,  0.077,  0.06 ,  0.053,  0.053,  0.039,
        0.028,  0.029,  0.009,  0.008,  0.   ,  0.002]), 'bins': array([  1.6 ,   2.24,   2.88,   3.52,   4.16,   4.8 ,   5.44,   6.08,
         6.72,   7.36,   8.  ,   8.64,   9.28,   9.92,  10.56,  11.2 ,
        11.84,  12.48,  13.12,  13.76,  14.4 ,  15.04,  15.68,  16.32,
        16.96,  17.6 ,  18.24,  18.88,  19.52,  20.16,  20.8 ])}
-------------
pval 0.018

cat_name Plex: Plex-7
inst_mean: 7.84
-------------
{'prob': array([ 0.001,  0.001,  0.003,  0.003,  0.01 ,  0.007,  0.01 ,  0.024,
        0.015,  0.036,  0.03 ,  0.047,  0.053,  0.064,  0.064,  0.076,
        0.062,  0.066,  0.07 ,  0.077,  0.06 ,  0.053,  0.053,  0.039,
        0.028,  0.029,  0.009,  0.008,  0.   ,  0.002]), 'bins': array([  1.6 ,   2.24,   2.88,   3.52,   4.16,   4.8 ,   5.44,   6.08,
         6.72,   7.36,   8.  ,   8.64,   9.28,   9.92,  10.56,  11.2 ,
        11.84,  12.48,  13.12,  13.76,  14.4 ,  15.04,  15.68,  16.32,
        16.96,  17.6 ,  18.24,  18.88,  19.52,  20.16,  20.8 ])}
-------------
pval 0.11

cat_name Plex: Plex-6
inst_mean: 5.44
-------------
{'prob': array([ 0.001,  0.001,  0.003,  0.003,  0.01 ,  0.007,  0.01 ,  0.024,
        0.015,  0.036,  0.03 ,  0.047,  0.053,  0.064,  0.064,  0.076,
        0.062,  0.066,  0.07 ,  0.077,  0.06 ,  0.053,  0.053,  0.039,
        0.028,  0.029,  0.009,  0.008,  0.   ,  0.002]), 'bins': array([  1.6 ,   2.24,   2.88,   3.52,   4.16,   4.8 ,   5.44,   6.08,
         6.72,   7.36,   8.  ,   8.64,   9.28,   9.92,  10.56,  11.2 ,
        11.84,  12.48,  13.12,  13.76,  14.4 ,  15.04,  15.68,  16.32,
        16.96,  17.6 ,  18.24,  18.88,  19.52,  20.16,  20.8 ])}
-------------
pval 0.035

cat_name Plex: Plex-9
inst_mean: 17.6
-------------
{'prob': array([ 0.001,  0.001,  0.003,  0.003,  0.01 ,  0.007,  0.01 ,  0.024,
        0.015,  0.036,  0.03 ,  0.047,  0.053,  0.064,  0.064,  0.076,
        0.062,  0.066,  0.07 ,  0.077,  0.06 ,  0.053,  0.053,  0.039,
        0.028,  0.029,  0.009,  0.008,  0.   ,  0.002]), 'bins': array([  1.6 ,   2.24,   2.88,   3.52,   4.16,   4.8 ,   5.44,   6.08,
         6.72,   7.36,   8.  ,   8.64,   9.28,   9.92,  10.56,  11.2 ,
        11.84,  12.48,  13.12,  13.76,  14.4 ,  15.04,  15.68,  16.32,
        16.96,  17.6 ,  18.24,  18.88,  19.52,  20.16,  20.8 ])}
-------------
pval 0.981

cat_name Plex: Plex-8
inst_mean: 6.72
-------------
{'prob': array([ 0.001,  0.001,  0.003,  0.003,  0.01 ,  0.007,  0.01 ,  0.024,
        0.015,  0.036,  0.03 ,  0.047,  0.053,  0.064,  0.064,  0.076,
        0.062,  0.066,  0.07 ,  0.077,  0.06 ,  0.053,  0.053,  0.039,
        0.028,  0.029,  0.009,  0.008,  0.   ,  0.002]), 'bins': array([  1.6 ,   2.24,   2.88,   3.52,   4.16,   4.8 ,   5.44,   6.08,
         6.72,   7.36,   8.  ,   8.64,   9.28,   9.92,  10.56,  11.2 ,
        11.84,  12.48,  13.12,  13.76,  14.4 ,  15.04,  15.68,  16.32,
        16.96,  17.6 ,  18.24,  18.88,  19.52,  20.16,  20.8 ])}
-------------
pval 0.059


cat_dict: dict_cat_6
cat_name exp-group-2: true
inst_mean: 4.125
-------------
{'prob': array([ 0.001,  0.004,  0.018,  0.009,  0.014,  0.02 ,  0.017,  0.02 ,
        0.042,  0.032,  0.043,  0.055,  0.056,  0.052,  0.06 ,  0.057,
        0.069,  0.055,  0.059,  0.059,  0.049,  0.048,  0.043,  0.031,
        0.029,  0.019,  0.019,  0.01 ,  0.005,  0.005]), 'bins': array([  1.75 ,   2.375,   3.   ,   3.625,   4.25 ,   4.875,   5.5  ,
         6.125,   6.75 ,   7.375,   8.   ,   8.625,   9.25 ,   9.875,
        10.5  ,  11.125,  11.75 ,  12.375,  13.   ,  13.625,  14.25 ,
        14.875,  15.5  ,  16.125,  16.75 ,  17.375,  18.   ,  18.625,
        19.25 ,  19.875,  20.5  ])}
-------------
pval 0.032

cat_name exp-group-2: false
inst_mean: 15.4051160024
-------------
{'prob': array([ 0.001,  0.   ,  0.001,  0.001,  0.   ,  0.004,  0.006,  0.005,
        0.011,  0.01 ,  0.018,  0.017,  0.029,  0.035,  0.042,  0.046,
        0.054,  0.073,  0.068,  0.079,  0.075,  0.051,  0.078,  0.076,
        0.049,  0.04 ,  0.056,  0.03 ,  0.027,  0.018]), 'bins': array([ 13.70612731,  13.76910569,  13.83208408,  13.89506246,
        13.95804085,  14.02101923,  14.08399762,  14.14697601,
        14.20995439,  14.27293278,  14.33591116,  14.39888955,
        14.46186794,  14.52484632,  14.58782471,  14.65080309,
        14.71378148,  14.77675987,  14.83973825,  14.90271664,
        14.96569502,  15.02867341,  15.09165179,  15.15463018,
        15.21760857,  15.28058695,  15.34356534,  15.40654372,
        15.46952211,  15.5325005 ,  15.59547888])}
-------------
pval 0.925


cat_dict: dict_cat_7
cat_name exp-group-1: false
inst_mean: 15.696128561
-------------
{'prob': array([ 0.001,  0.   ,  0.   ,  0.004,  0.003,  0.005,  0.006,  0.01 ,
        0.013,  0.019,  0.018,  0.026,  0.048,  0.044,  0.046,  0.06 ,
        0.079,  0.073,  0.071,  0.074,  0.088,  0.084,  0.064,  0.042,
        0.042,  0.027,  0.025,  0.011,  0.013,  0.004]), 'bins': array([ 13.10737765,  13.20594108,  13.3045045 ,  13.40306793,
        13.50163136,  13.60019479,  13.69875822,  13.79732165,
        13.89588507,  13.9944485 ,  14.09301193,  14.19157536,
        14.29013879,  14.38870222,  14.48726564,  14.58582907,
        14.6843925 ,  14.78295593,  14.88151936,  14.98008279,
        15.07864621,  15.17720964,  15.27577307,  15.3743365 ,
        15.47289993,  15.57146336,  15.67002678,  15.76859021,
        15.86715364,  15.96571707,  16.0642805 ])}
-------------
pval 0.972

cat_name exp-group-1: true
inst_mean: 9.53125
-------------
{'prob': array([ 0.001,  0.   ,  0.   ,  0.   ,  0.   ,  0.002,  0.004,  0.011,
        0.003,  0.011,  0.022,  0.027,  0.04 ,  0.041,  0.051,  0.067,
        0.067,  0.092,  0.081,  0.085,  0.092,  0.059,  0.081,  0.051,
        0.038,  0.03 ,  0.023,  0.014,  0.004,  0.003]), 'bins': array([  3.28125,   3.825  ,   4.36875,   4.9125 ,   5.45625,   6.     ,
         6.54375,   7.0875 ,   7.63125,   8.175  ,   8.71875,   9.2625 ,
         9.80625,  10.35   ,  10.89375,  11.4375 ,  11.98125,  12.525  ,
        13.06875,  13.6125 ,  14.15625,  14.7    ,  15.24375,  15.7875 ,
        16.33125,  16.875  ,  17.41875,  17.9625 ,  18.50625,  19.05   ,
        19.59375])}
-------------
pval 0.081


cat_dict: dict_cat_4
cat_name exp-group-4: false
inst_mean: 15.0978907518
-------------
{'prob': array([ 0.003,  0.001,  0.007,  0.003,  0.008,  0.011,  0.009,  0.014,
        0.014,  0.024,  0.014,  0.021,  0.046,  0.027,  0.055,  0.029,
        0.045,  0.055,  0.054,  0.048,  0.052,  0.038,  0.059,  0.051,
        0.05 ,  0.062,  0.047,  0.066,  0.046,  0.041]), 'bins': array([ 14.3255814 ,  14.3588967 ,  14.39221201,  14.42552731,
        14.45884262,  14.49215792,  14.52547323,  14.55878853,
        14.59210384,  14.62541915,  14.65873445,  14.69204976,
        14.72536506,  14.75868037,  14.79199567,  14.82531098,
        14.85862628,  14.89194159,  14.9252569 ,  14.9585722 ,
        14.99188751,  15.02520281,  15.05851812,  15.09183342,
        15.12514873,  15.15846403,  15.19177934,  15.22509465,
        15.25840995,  15.29172526,  15.32504056])}
-------------
pval 0.688

cat_name exp-group-4: true
inst_mean: 8.0
-------------
{'prob': array([ 0.09 ,  0.043,  0.079,  0.034,  0.078,  0.04 ,  0.071,  0.042,
        0.041,  0.066,  0.028,  0.051,  0.027,  0.037,  0.021,  0.017,
        0.042,  0.021,  0.039,  0.017,  0.025,  0.015,  0.016,  0.019,
        0.005,  0.01 ,  0.008,  0.013,  0.002,  0.003]), 'bins': array([  0.5       ,   1.21666667,   1.93333333,   2.65      ,
         3.36666667,   4.08333333,   4.8       ,   5.51666667,
         6.23333333,   6.95      ,   7.66666667,   8.38333333,
         9.1       ,   9.81666667,  10.53333333,  11.25      ,
        11.96666667,  12.68333333,  13.4       ,  14.11666667,
        14.83333333,  15.55      ,  16.26666667,  16.98333333,
        17.7       ,  18.41666667,  19.13333333,  19.85      ,
        20.56666667,  21.28333333,  22.        ])}
-------------
pval 0.612


cat_dict: dict_cat_5
cat_name exp-group-3: true
inst_mean: 7.58333333333
-------------
{'prob': array([ 0.002,  0.001,  0.004,  0.002,  0.005,  0.005,  0.005,  0.014,
        0.021,  0.024,  0.036,  0.039,  0.039,  0.057,  0.056,  0.064,
        0.061,  0.094,  0.091,  0.071,  0.069,  0.048,  0.045,  0.04 ,
        0.039,  0.027,  0.016,  0.017,  0.003,  0.005]), 'bins': array([  8.05555556,   8.40185185,   8.74814815,   9.09444444,
         9.44074074,   9.78703704,  10.13333333,  10.47962963,
        10.82592593,  11.17222222,  11.51851852,  11.86481481,
        12.21111111,  12.55740741,  12.9037037 ,  13.25      ,
        13.5962963 ,  13.94259259,  14.28888889,  14.63518519,
        14.98148148,  15.32777778,  15.67407407,  16.02037037,
        16.36666667,  16.71296296,  17.05925926,  17.40555556,
        17.75185185,  18.09814815,  18.44444444])}
-------------
pval 0.002

cat_name exp-group-3: false
inst_mean: 14.303030303
-------------
{'prob': array([ 0.002,  0.001,  0.001,  0.003,  0.002,  0.01 ,  0.009,  0.017,
        0.014,  0.03 ,  0.025,  0.032,  0.037,  0.054,  0.068,  0.069,
        0.078,  0.084,  0.086,  0.063,  0.07 ,  0.057,  0.055,  0.051,
        0.026,  0.023,  0.014,  0.008,  0.008,  0.003]), 'bins': array([ 12.74196511,  12.86550352,  12.98904193,  13.11258035,
        13.23611876,  13.35965718,  13.48319559,  13.60673401,
        13.73027242,  13.85381084,  13.97734925,  14.10088766,
        14.22442608,  14.34796449,  14.47150291,  14.59504132,
        14.71857974,  14.84211815,  14.96565657,  15.08919498,
        15.21273339,  15.33627181,  15.45981022,  15.58334864,
        15.70688705,  15.83042547,  15.95396388,  16.0775023 ,
        16.20104071,  16.32457912,  16.44811754])}
-------------
pval 0.183

make similarity matrices of rows and columns, add to viz data structure
/Users/nickfernandez/Documents/CST_Lung_Cancer_Viz/clustergrammer/make_sim_mat.py:69: FutureWarning: sort is deprecated, use sort_values(inplace=True) for INPLACE sorting
  inst_series.sort(ascending=False)
[Finished in 54.4s]