0	-14.6052174806
1	-11.318028154
2	-9.90252049521
3	-9.16859554474
4	-8.64965325035
5	-8.37667517132
6	-8.13768127647
7	-7.91100302339
8	-7.78533943804
9	-7.65157044346
10	-7.52435179035
11	-7.41335285212
12	-7.35169950573
13	-7.28051446469
14	-7.21011027372
15	-7.12532588399
16	-7.0512295398
17	-6.9796812467
18	-6.9184103056
19	-6.85236049255
20	-6.78934535341
21	-6.72941650572
22	-6.6639237519
23	-6.6150500536
24	-6.56386305131
25	-6.51510917292
26	-6.46783775606
27	-6.42613191944
28	-6.37943575929
29	-6.3310677927
30	-6.29336920206
31	-6.2518950345
32	-6.20720201778
33	-6.16982714984
34	-6.12196324854
35	-6.08541255417
36	-6.05934879431
37	-6.02859670656
38	-5.98675963498
39	-5.95466189908
40	-5.92571306373
41	-5.88787209715
42	-5.85935614405
43	-5.82663728585
44	-5.79029714823
45	-5.76182589081
46	-5.72993012758
47	-5.70225660502
48	-5.66392300928
49	-5.62588076971
50	-5.5937012829
51	-5.56483317032
52	-5.53587772219
53	-5.50530990285
54	-5.47493564372
55	-5.45089969611
56	-5.41984601765
57	-5.38751767925
58	-5.35981474935
59	-5.3348397791
60	-5.30879097677
61	-5.28516490801
62	-5.26432402714
63	-5.24062529613
64	-5.21431596187
65	-5.19296456568
66	-5.1681085254
67	-5.14398965583
68	-5.12078094053
69	-5.09783537444
70	-5.0765179012
71	-5.05452517069
72	-5.03077490523
73	-5.00693857141
74	-4.98309474264
75	-4.95573868159
76	-4.9315910794
77	-4.90715168837
78	-4.88012668794
79	-4.8531878838
80	-4.82983189283
81	-4.81215903291
82	-4.79523925045
83	-4.77226502629
84	-4.75075861406
85	-4.72999251223
86	-4.71096842729
87	-4.68935414379
88	-4.6710310328
89	-4.65289419343
90	-4.63366583159
91	-4.61636165085
92	-4.5975222473
93	-4.57755605178
94	-4.55699194577
95	-4.54045002948
96	-4.52293458085
97	-4.50704430914
98	-4.49078140617
99	-4.47225400132
100	-4.45769439683
101	-4.43889165332
102	-4.42249461264
103	-4.40307111074
104	-4.38863857439
105	-4.37390111028
106	-4.35953811413
107	-4.34181645212
108	-4.32697371239
109	-4.31045971992
110	-4.29545219655
111	-4.28172317956
112	-4.26535369233
113	-4.25178597451
114	-4.23665066451
115	-4.22257637489
116	-4.20929672546
117	-4.19481129251
118	-4.17761000839
119	-4.16077675886
120	-4.14845316608
121	-4.13636957164
122	-4.12161214359
123	-4.10378227541
124	-4.08826814425
125	-4.07386330217
126	-4.05742102333
127	-4.04547255556
128	-4.02929867616
129	-4.01834773062
130	-4.00744462942
131	-3.99376033028
132	-3.98206554353
133	-3.97090359252
134	-3.95741041119
135	-3.94419345315
136	-3.93040970347
137	-3.91743747064
138	-3.90145505784
139	-3.88885603472
140	-3.87413724048
141	-3.86279386079
142	-3.84885774404
143	-3.8350664775
144	-3.823614101
145	-3.81187154687
146	-3.8007443662
147	-3.78938859093
148	-3.7780852917
149	-3.7631431902
150	-3.74675293275
151	-3.73679239579
152	-3.72622298679
153	-3.71226139514
154	-3.69751951867
155	-3.68493631462
156	-3.67444735051
157	-3.66455516622
158	-3.65367909922
159	-3.64481213733
160	-3.63060568348
161	-3.61939766353
162	-3.60760701519
163	-3.59674405649
164	-3.58675047128
165	-3.57519403143
166	-3.56564256399
167	-3.55379863193
168	-3.54144731652
169	-3.53183993603
170	-3.52066358798
171	-3.50991338761
172	-3.50016748636
173	-3.48747230155
174	-3.4799339158
175	-3.46752166609
176	-3.45752754618
177	-3.44577356767
178	-3.43617858935
179	-3.42659358392
180	-3.41887049479
181	-3.40817276561
182	-3.39851292887
183	-3.38795565153
184	-3.37554880119
185	-3.36739485361
186	-3.35694572734
187	-3.34569676176
188	-3.33453179039
189	-3.3223939233
190	-3.31259930539
191	-3.30221173084
192	-3.29174803797
193	-3.28330693837
194	-3.2741813727
195	-3.2624083839
196	-3.2549684138
197	-3.24373668254
198	-3.23410912115
199	-3.22510657639
200	-3.21623914877
201	-3.2069869945
202	-3.19761121646
203	-3.18969304099
204	-3.18173274286
205	-3.17166447876
206	-3.16242257772
207	-3.15404183851
208	-3.14507927004
209	-3.1360261405
210	-3.12625096972
211	-3.11751627655
212	-3.10769155863
213	-3.09951791222
214	-3.08840859608
215	-3.0784594963
216	-3.07196114805
217	-3.06391186775
218	-3.05496383017
219	-3.04393259895
220	-3.03472574029
221	-3.02753568784
222	-3.02074252022
223	-3.01361963068
224	-3.00424391794
225	-2.99585628685
226	-2.98609963534
227	-2.97736611244
228	-2.97106606508
229	-2.96344701337
230	-2.95630774329
231	-2.94840265939
232	-2.94085487714
233	-2.93410784015
234	-2.92708703613
235	-2.91792992946
236	-2.90867094679
237	-2.90097115853
238	-2.8934638787
239	-2.88540462258
240	-2.87812807901
241	-2.87063783693
242	-2.86356428763
243	-2.85885372568
244	-2.85089832939
245	-2.84296212105
246	-2.8352705672
247	-2.82886703132
248	-2.82128905922
249	-2.81254737311
250	-2.80480333719
251	-2.79920949015
252	-2.7923070494
253	-2.78438368496
254	-2.77745130311
255	-2.77041335621
256	-2.76242257462
257	-2.75653146191
258	-2.74859018968
259	-2.74034035792
260	-2.73167548756
261	-2.72428225833
262	-2.71808485017
263	-2.71150815409
264	-2.70388019089
265	-2.69741877116
266	-2.69124099342
267	-2.68458142933
268	-2.679115038
269	-2.67165459648
270	-2.66460265874
271	-2.65868695861
272	-2.65358991604
273	-2.6458364634
274	-2.63599687023
275	-2.62973339473
276	-2.62357624924
277	-2.61692535118
278	-2.61040621434
279	-2.60364686702
280	-2.59566145037
281	-2.58969520257
282	-2.58341604616
283	-2.57681637041
284	-2.57095342567
285	-2.56518563988
286	-2.55949619254
287	-2.55283450733
288	-2.54580658338
289	-2.54073712721
290	-2.53409923532
291	-2.52862034785
292	-2.52321190177
293	-2.51543713474
294	-2.50764978306
295	-2.50077852454
296	-2.49341373921
297	-2.48786800098
298	-2.48253442462
299	-2.47761345053
300	-2.47231361849
301	-2.46695962088
302	-2.46163828439
303	-2.45423396355
304	-2.44843636543
305	-2.44342334786
306	-2.43829395582
307	-2.43235068705
308	-2.42620408745
309	-2.42172303772
310	-2.41673256477
311	-2.41004368567
312	-2.40445543039
313	-2.39790305989
314	-2.38982751195
315	-2.38348174422
316	-2.37762726442
317	-2.37355039003
318	-2.36783706654
319	-2.36252475877
320	-2.35705421408
321	-2.35030629298
322	-2.34430429024
323	-2.33912661271
324	-2.3352461985
325	-2.33014337802
326	-2.32497340005
327	-2.31959223171
328	-2.31454543491
329	-2.30952282538
330	-2.3039106179
331	-2.29861506071
332	-2.29425525593
333	-2.28858287756
334	-2.28393752794
335	-2.27785646099
336	-2.27161449411
337	-2.26754877857
338	-2.26249354575
339	-2.25668041776
340	-2.25126101578
341	-2.24586947828
342	-2.24035649803
343	-2.23553195502
344	-2.22969294012
345	-2.22476435762
346	-2.21971082891
347	-2.21353956591
348	-2.20924729984
349	-2.20410462155
350	-2.19863432846
351	-2.19432264308
352	-2.18861793051
353	-2.18311861822
354	-2.17785602718
355	-2.17283285134
356	-2.16693377832
357	-2.16174177377
358	-2.15728508432
359	-2.15167169626
360	-2.14660857518
361	-2.14243240551
362	-2.13788775236
363	-2.13302125445
364	-2.12913691817
365	-2.12475839479
366	-2.11990706532
367	-2.11539377288
368	-2.11099633882
369	-2.10696613437
370	-2.10099255201
371	-2.09575751934
372	-2.09107916129
373	-2.08617560511
374	-2.08056686031
375	-2.07658823832
376	-2.071860674
377	-2.06765250738
378	-2.06309137126
379	-2.05837778185
380	-2.05370679562
381	-2.04960667895
382	-2.04518341543
383	-2.04034803354
384	-2.03564344969
385	-2.03080158255
386	-2.02612887277
387	-2.02170438469
388	-2.01668735841
389	-2.01255322486
390	-2.00810783611
391	-2.00377163816
392	-1.99893947707
393	-1.99524091102
394	-1.99163747686
395	-1.98738432722
396	-1.98266449923
397	-1.97673294082
398	-1.97200894293
399	-1.96731169476
400	-1.96330516774
401	-1.95969989613
402	-1.9555558131
403	-1.95023962293
404	-1.94613556792
405	-1.94131304002
406	-1.93733924141
407	-1.93329417532
408	-1.92884927147
409	-1.92451644939
410	-1.9205288161
411	-1.91641352809
412	-1.91270665586
413	-1.90845773949
414	-1.90451616483
415	-1.89908362655
416	-1.89406134444
417	-1.8895950292
418	-1.88507391178
419	-1.88071896384
420	-1.87528079534
421	-1.87078379725
422	-1.86683870654
423	-1.86197918459
424	-1.85755549613
425	-1.85328117995
426	-1.84926014408
427	-1.84408708079
428	-1.83980736211
429	-1.8360198499
430	-1.83226049601
431	-1.82876774952
432	-1.82404791471
433	-1.81950923629
434	-1.81582296329
435	-1.81157267637
436	-1.8070559405
437	-1.80343719582
438	-1.79977865199
439	-1.79557290956
440	-1.79220222115
441	-1.78909538111
442	-1.78557374839
443	-1.78117752583
444	-1.77816355397
445	-1.77351646429
446	-1.76985134691
447	-1.76364156116
448	-1.76021561438
449	-1.75695956706
450	-1.75348076135
451	-1.74960714418
452	-1.74574292791
453	-1.74175379129
454	-1.7370391401
455	-1.73261401302
456	-1.72918892589
457	-1.7254132976
458	-1.72123788577
459	-1.71751182742
460	-1.71326916367
461	-1.70941798612
462	-1.70536528557
463	-1.70200813379
464	-1.69803735402
465	-1.69511333619
466	-1.69180444448
467	-1.68775284355
468	-1.68467953344
469	-1.68132853859
470	-1.67808567792
471	-1.67475695992
472	-1.67076670712
473	-1.66675972701
474	-1.66318198808
475	-1.65942534599
476	-1.65585217261
477	-1.65236710398
478	-1.64870686572
479	-1.64519201105
480	-1.64189511235
481	-1.63784833656
482	-1.63378583991
483	-1.63055870384
484	-1.62717354478
485	-1.62331356308
486	-1.61896965028
487	-1.61554216319
488	-1.61230042395
489	-1.60898277764
490	-1.60456551032
491	-1.6013564678
492	-1.59801939425
493	-1.59483103313
494	-1.5918077182
495	-1.58793346635
496	-1.58419867987
497	-1.57994591358
498	-1.57637506889
499	-1.57297900963
500	-1.56972642966
501	-1.56531155012
502	-1.5618251782
503	-1.55878925988
504	-1.5553155025
505	-1.55255452633
506	-1.54927516737
507	-1.54597394145
508	-1.54267126155
509	-1.5394151259
510	-1.53662992291
511	-1.53376621128
512	-1.53065721072
513	-1.52729463311
514	-1.52414579872
515	-1.52080657027
516	-1.51728096626
517	-1.51415686422
518	-1.51086107559
519	-1.5082103617
520	-1.504514213
521	-1.50101959167
522	-1.49749355998
523	-1.49382032732
524	-1.49043977928
525	-1.4873400382
526	-1.48319789909
527	-1.47956155684
528	-1.4754119094
529	-1.47239741188
530	-1.46940184501
531	-1.46599101004
532	-1.46301412935
533	-1.45963861807
534	-1.4569308784
535	-1.45432696681
536	-1.45130453817
537	-1.44803863425
538	-1.44493735098
539	-1.44168714097
540	-1.43867704108
541	-1.43572159234
542	-1.43206962851
543	-1.42984791986
544	-1.42587069561
545	-1.42262648141
546	-1.41913219689
547	-1.41573727974
548	-1.41197535939
549	-1.40878161237
550	-1.40559100064
551	-1.40247650299
552	-1.39954183324
553	-1.39689995954
554	-1.39392964115
555	-1.39125427461
556	-1.38829643398
557	-1.3859906474
558	-1.3835036033
559	-1.38101587243
560	-1.37838105836
561	-1.37522782655
562	-1.37121604268
563	-1.36808301514
564	-1.36521930346
565	-1.36227673717
566	-1.35944489765
567	-1.35608801327
568	-1.35320389347
569	-1.3503238511
570	-1.34739496018
571	-1.3447453502
572	-1.34137374899
573	-1.33795714641
574	-1.33517773782
575	-1.33182000717
576	-1.32885380428
577	-1.32597497731
578	-1.32314449003
579	-1.32063904399
580	-1.31809913445
581	-1.31593399093
582	-1.313676309
583	-1.31127348829
584	-1.30890076128
585	-1.30624660708
586	-1.30350006803
587	-1.30059489227
588	-1.29714692853
589	-1.295022564
590	-1.29274276393
591	-1.28978650371
592	-1.28667038092
593	-1.28409601028
594	-1.28124723276
595	-1.2784488938
596	-1.2760155626
597	-1.27360882988
598	-1.27061902162
599	-1.26698866613
600	-1.26394183878
601	-1.26131954794
602	-1.25839929851
603	-1.25566666789
604	-1.25300111215
605	-1.24965198746
606	-1.24619852913
607	-1.24338596024
608	-1.23983468804
609	-1.23731648864
610	-1.23479004257
611	-1.23171202373
612	-1.22864917946
613	-1.22494835985
614	-1.22301354423
615	-1.21981506221
616	-1.21681157254
617	-1.21351196471
618	-1.20997776235
619	-1.20643761741
620	-1.20362501449
621	-1.20120973529
622	-1.1980146453
623	-1.19541564783
624	-1.19239169827
625	-1.1889728044
626	-1.18644724551
627	-1.18347341388
628	-1.18053306783
629	-1.17770372191
630	-1.1750671456
631	-1.17224571961
632	-1.16901145913
633	-1.16603881318
634	-1.16299230162
635	-1.16022380359
636	-1.15740774505
637	-1.15462760302
638	-1.15207161981
639	-1.14923877
640	-1.14684645334
641	-1.14431571104
642	-1.14160993587
643	-1.13922362703
644	-1.13641849551
645	-1.13432952512
646	-1.13194259569
647	-1.12911706113
648	-1.12627127534
649	-1.12420573111
650	-1.12200666044
651	-1.12007045918
652	-1.11755427543
653	-1.11467946932
654	-1.11218234995
655	-1.11004598036
656	-1.10768673474
657	-1.10486791065
658	-1.10242154287
659	-1.09990123225
660	-1.09769990531
661	-1.09529223853
662	-1.09207721885
663	-1.08965946833
664	-1.08731141935
665	-1.08484027707
666	-1.0828280985
667	-1.08034204548
668	-1.07767699304
669	-1.07533840764
670	-1.07318327306
671	-1.07035360248
672	-1.06771202035
673	-1.06513020606
674	-1.0626149515
675	-1.05988081263
676	-1.05739603039
677	-1.0550952314
678	-1.05287538489
679	-1.05022622017
680	-1.04779299014
681	-1.0457312646
682	-1.04308681055
683	-1.04028119264
684	-1.03841166691
685	-1.03662270391
686	-1.03418074377
687	-1.03157904383
688	-1.02935853855
689	-1.02723064836
690	-1.02470445857
691	-1.02205378649
692	-1.01929247346
693	-1.0167283713
694	-1.01437084559
695	-1.01191089143
696	-1.00951559373
697	-1.00695559759
698	-1.00472718074
699	-1.00282668208
700	-1.00040540154
701	-0.998230861549
702	-0.995359459894
703	-0.993199576988
704	-0.99101239237
705	-0.988578094444
706	-0.986832250721
707	-0.984448511976
708	-0.982121920333
709	-0.979805124844
710	-0.977757226451
711	-0.975669675521
712	-0.97363754
713	-0.97165956956
714	-0.96936149621
715	-0.967231379225
716	-0.96466672596
717	-0.962721192523
718	-0.96037738353
719	-0.95813487288
720	-0.955195766547
721	-0.952699280259
722	-0.950317209616
723	-0.948517114308
724	-0.946118056929
725	-0.943902842905
726	-0.941611280661
727	-0.939143152221
728	-0.936727878276
729	-0.93454607598
730	-0.932383732436
731	-0.93008117526
732	-0.928200053404
733	-0.926743419707
734	-0.924056624408
735	-0.921862173374
736	-0.91997731531
737	-0.91775626279
738	-0.915454858576
739	-0.91277717195
740	-0.910189360331
741	-0.907940998848
742	-0.905567259902
743	-0.903527498041
744	-0.901326116975
745	-0.898566475823
746	-0.896267671533
747	-0.894434956266
748	-0.891923125976
749	-0.889816262038
750	-0.888001765517
751	-0.886149083406
752	-0.88410870435
753	-0.881536649907
754	-0.879449056272
755	-0.877574640663
756	-0.874916268415
757	-0.872923177128
758	-0.870726726769
759	-0.868498510341
760	-0.866474864564
761	-0.864340216974
762	-0.862073678281
763	-0.860275595496
764	-0.857964413695
765	-0.855613757826
766	-0.853722607689
767	-0.852197457147
768	-0.84980768383
769	-0.84763966876
770	-0.845668251613
771	-0.843784174654
772	-0.841845108214
773	-0.839883411047
774	-0.837720586362
775	-0.835681891324
776	-0.833806604882
777	-0.831599793778
778	-0.829775726477
779	-0.827498254073
780	-0.825387134614
781	-0.823617680526
782	-0.821238998407
783	-0.819030151871
784	-0.81681345222
785	-0.815135733919
786	-0.813059502008
787	-0.810236452603
788	-0.80786430423
789	-0.805652023776
790	-0.803791482725
791	-0.80166092
792	-0.79936368019
793	-0.79695271929
794	-0.795328405874
795	-0.792988647071
796	-0.791398522386
797	-0.789820581056
798	-0.787447103605
799	-0.78495417648
800	-0.783340628693
801	-0.781319287021
802	-0.779057724825
803	-0.776486701817
804	-0.774443112494
805	-0.772525376365
806	-0.769962138771
807	-0.768105664752
808	-0.766084679227
809	-0.7641920753
810	-0.762244478771
811	-0.760441008386
812	-0.758070824213
813	-0.755626839262
814	-0.753365844318
815	-0.75139599624
816	-0.749696822529
817	-0.74784929973
818	-0.745958419269
819	-0.743896276554
820	-0.741629827727
821	-0.739718049426
822	-0.737782617751
823	-0.735736513067
824	-0.733622532316
825	-0.731934070341
826	-0.729863401345
827	-0.727846512943
828	-0.725669198223
829	-0.723327205209
830	-0.721403495403
831	-0.719414271512
832	-0.717588768402
833	-0.715556539472
834	-0.713118411814
835	-0.710908754109
836	-0.709052908616
837	-0.707300368785
838	-0.705357591482
839	-0.703445378973
840	-0.701328777468
841	-0.699338049559
842	-0.697438557328
843	-0.695710252206
844	-0.693939030685
845	-0.692143996696
846	-0.690098553318
847	-0.688168949952
848	-0.686183002868
849	-0.684145860546
850	-0.682430812494
851	-0.680888764649
852	-0.678983663658
853	-0.677031624441
854	-0.674618698204
855	-0.672598836084
856	-0.670394987318
857	-0.66848828625
858	-0.66660941916
859	-0.664657367564
860	-0.662783589239
861	-0.660974826635
862	-0.658953090054
863	-0.657523878169
864	-0.655409529806
865	-0.653104983175
866	-0.65127402055
867	-0.6494023883
868	-0.647716543352
869	-0.645837514865
870	-0.643961000813
871	-0.641899738371
872	-0.640009478042
873	-0.638271223411
874	-0.636023902177
875	-0.634146667122
876	-0.632025560505
877	-0.630523442804
878	-0.628302225433
879	-0.626557980814
880	-0.62413380003
881	-0.621794450134
882	-0.619547104848
883	-0.617865522037
884	-0.61586391221
885	-0.614282067304
886	-0.612072428299
887	-0.610316957291
888	-0.608744423014
889	-0.606839801487
890	-0.604784853875
891	-0.603167566376
892	-0.601567023013
893	-0.599792082806
894	-0.59771439329
895	-0.595785456949
896	-0.593960599896
897	-0.592196161082
898	-0.590224853194
899	-0.588407051851
900	-0.586498285882
901	-0.584679618232
902	-0.583114456054
903	-0.581235911131
904	-0.579179674059
905	-0.577180975728
906	-0.575466331734
907	-0.573951981523
908	-0.572273657773
909	-0.57043364616
910	-0.56864236041
911	-0.567127384934
912	-0.565440022576
913	-0.563311283421
914	-0.560792966844
915	-0.558888563455
916	-0.557271422533
917	-0.555381272226
918	-0.553570361466
919	-0.551726173884
920	-0.549762369198
921	-0.547885288172
922	-0.546008840548
923	-0.544283884481
924	-0.54253349569
925	-0.540769298061
926	-0.539371012903
927	-0.537649250357
928	-0.536216652101
929	-0.534567051557
930	-0.532390546125
931	-0.530155765953
932	-0.528810585661
933	-0.527324378733
934	-0.525741973176
935	-0.524024949196
936	-0.522469406743
937	-0.520949525297
938	-0.519044120513
939	-0.516868081651
940	-0.514940937383
941	-0.513191699478
942	-0.511515876018
943	-0.509392794816
944	-0.507252204076
945	-0.505706952232
946	-0.503810059239
947	-0.502323894367
948	-0.500479527402
949	-0.498596092162
950	-0.496342479537
951	-0.494085706591
952	-0.492296665647
953	-0.490698286192
954	-0.488735274874
955	-0.48665758909
956	-0.485045867492
957	-0.483372341675
958	-0.481496590261
959	-0.479632822654
960	-0.477938308715
961	-0.4763005653
962	-0.474575157116
963	-0.473142799641
964	-0.471179129557
965	-0.469085943196
966	-0.467195568577
967	-0.465140839924
968	-0.46349668184
969	-0.461644241523
970	-0.459849339625
971	-0.458250329298
972	-0.456772601318
973	-0.455178256806
974	-0.453520878893
975	-0.451815173491
976	-0.450081644438
977	-0.448409970784
978	-0.446445154782
979	-0.444278691182
980	-0.442547589946
981	-0.440920541889
982	-0.439244958481
983	-0.437621135756
984	-0.435571183892
985	-0.434068268855
986	-0.432222297197
987	-0.430276601428
988	-0.428596732188
989	-0.426901219083
990	-0.425230818467
991	-0.423982382426
992	-0.422142644045
993	-0.420078351956
994	-0.418218509905
995	-0.416494353476
996	-0.415027602422
997	-0.413585034978
998	-0.411598977372
999	-0.409965606445
1000	-0.408379248699
1001	-0.406511926604
1002	-0.404330895844
1003	-0.40289063369
1004	-0.40075779894
1005	-0.398865615566
1006	-0.397229819756
1007	-0.395721066257
1008	-0.393916857649
1009	-0.392279015394
1010	-0.390609933282
1011	-0.388879709581
1012	-0.387067905903
1013	-0.385384846161
1014	-0.383664001907
1015	-0.382101162303
1016	-0.380321871473
1017	-0.378836895228
1018	-0.377450941221
1019	-0.375497320379
1020	-0.373390403041
1021	-0.371400143346
1022	-0.369809444185
1023	-0.367514884812
1024	-0.365982408821
1025	-0.364796812631
1026	-0.362799063637
1027	-0.360814460343
1028	-0.359418417371
1029	-0.357771719653
1030	-0.355972109439
1031	-0.353911572744
1032	-0.352287820665
1033	-0.350545500702
1034	-0.348822190817
1035	-0.347326476898
1036	-0.345400731914
1037	-0.343619352183
1038	-0.341791669628
1039	-0.340473509771
1040	-0.338751575593
1041	-0.336870607023
1042	-0.334983892002
1043	-0.333077561984
1044	-0.331302135957
1045	-0.329742028864
1046	-0.328166663084
1047	-0.326382516058
1048	-0.324708752076
1049	-0.322931016693
1050	-0.320941725392
1051	-0.318852543945
1052	-0.317020351512
1053	-0.315848832755
1054	-0.313574500873
1055	-0.311521444226
1056	-0.310065367698
1057	-0.308454383348
1058	-0.30668926508
1059	-0.305038078654
1060	-0.303475532425
1061	-0.301776132622
1062	-0.299950522633
1063	-0.298651236833
1064	-0.2971042826
1065	-0.29518875971
1066	-0.293447470382
1067	-0.291746960656
1068	-0.28971862089
1069	-0.287797893406
1070	-0.286351714089
1071	-0.284897062342
1072	-0.283274445051
1073	-0.281719333969
1074	-0.280572783053
1075	-0.278555720967
1076	-0.277046276813
1077	-0.275573109184
1078	-0.274218196533
1079	-0.272683444318
1080	-0.270848656273
1081	-0.268835157936
1082	-0.267185734795
1083	-0.266011350458
1084	-0.264245783981
1085	-0.262710374955
1086	-0.261194906793
1087	-0.259576504061
1088	-0.257909474101
1089	-0.256682083005
1090	-0.254580756331
1091	-0.253004068292
1092	-0.251292952328
1093	-0.249879478124
1094	-0.248356149688
1095	-0.246883358441
1096	-0.245068163657
1097	-0.243484835328
1098	-0.24205975394
1099	-0.240385494722
1100	-0.238753979655
1101	-0.237356203148
1102	-0.235244889461
1103	-0.233679099632
1104	-0.232056883442
1105	-0.230410668108
1106	-0.229029472758
1107	-0.227242264485
1108	-0.225901517011
1109	-0.224161846189
1110	-0.222334543007
1111	-0.220219073903
1112	-0.21856555607
1113	-0.216878970588
1114	-0.215085589838
1115	-0.213301645235
1116	-0.211557631226
1117	-0.210001138517
1118	-0.208739719355
1119	-0.207293188646
1120	-0.205473217084
1121	-0.20409376025
1122	-0.202240335047
1123	-0.200559634247
1124	-0.198946197062
1125	-0.196868918516
1126	-0.195155318915
1127	-0.193737104102
1128	-0.192031464491
1129	-0.190398213041
1130	-0.188463923891
1131	-0.186266958928
1132	-0.184596228286
1133	-0.18330907902
1134	-0.181788513433
1135	-0.180091062476
1136	-0.178345620954
1137	-0.176699628688
1138	-0.175125818571
1139	-0.173341961935
1140	-0.171769897804
1141	-0.170239822611
1142	-0.168236071748
1143	-0.166573839242
1144	-0.165127653986
1145	-0.16361298119
1146	-0.161870696403
1147	-0.160269156402
1148	-0.158300894852
1149	-0.156691872678
1150	-0.155042638782
1151	-0.153782541221
1152	-0.152008321767
1153	-0.150320992293
1154	-0.148767067469
1155	-0.146831123426
1156	-0.145478176057
1157	-0.143474389839
1158	-0.141511182801
1159	-0.139597496689
1160	-0.138159007924
1161	-0.136371924204
1162	-0.134794434857
1163	-0.132873680182
1164	-0.131400209532
1165	-0.12983496966
1166	-0.12832824231
1167	-0.126708121438
1168	-0.12504760152
1169	-0.123690645082
1170	-0.121882900525
1171	-0.119918100847
1172	-0.11839834133
1173	-0.116736417287
1174	-0.115169483278
1175	-0.113055463478
1176	-0.111205128036
1177	-0.10951625603
1178	-0.107823440231
1179	-0.10589571705
1180	-0.104396933091
1181	-0.102837200626
1182	-0.101349903436
1183	-0.0997373613842
1184	-0.0982480363686
1185	-0.0962899769668
1186	-0.0947204701729
1187	-0.0932910841676
1188	-0.0915491940887
1189	-0.0901463052084
1190	-0.0882608383426
1191	-0.0867450768537
1192	-0.0850707496979
1193	-0.0831270820782
1194	-0.0816305655046
1195	-0.0803245627965
1196	-0.0789417577779
1197	-0.0772035693215
1198	-0.0757284297095
1199	-0.0742290137433
1200	-0.0718517311391
1201	-0.0700779146549
1202	-0.0688199166716
1203	-0.0670559485128
1204	-0.0655385546607
1205	-0.0641483586946
1206	-0.0625421953142
1207	-0.0609286074796
1208	-0.0592670666127
1209	-0.0576082695173
1210	-0.0561328961853
1211	-0.0543958296497
1212	-0.05289857577
1213	-0.0511578355697
1214	-0.0495151304018
1215	-0.047940270722
1216	-0.0462069301622
1217	-0.0444548454241
1218	-0.0432608998742
1219	-0.041846495762
1220	-0.0404188949521
1221	-0.0389232570069
1222	-0.0369085596637
1223	-0.0352847575528
1224	-0.0335456754874
1225	-0.0319588947744
1226	-0.0302148357911
1227	-0.0281584302654
1228	-0.0265296356087
1229	-0.0245196084
1230	-0.0229198333578
1231	-0.0211605101201
1232	-0.0194194175069
1233	-0.0177842676166
1234	-0.0159273837856
1235	-0.0144813059596
1236	-0.0127866090345
1237	-0.0115018533236
1238	-0.0099293039983
1239	-0.00866716251817
1240	-0.00708316992358
1241	-0.00499934332141
1242	-0.00331628463539
1243	-0.00177816622204
1244	-0.000204751649978
1245	0.00138705141221
1246	0.00294145707935
1247	0.00476590283707
1248	0.00651584366922
1249	0.00817189414543
1250	0.00997803293908
1251	0.0117777296973
1252	0.013268647004
1253	0.0148886708798
1254	0.0163672937237
1255	0.0178712349335
1256	0.0195600551435
1257	0.0209504415179
1258	0.0228545595162
1259	0.024575797256
1260	0.026189236744
1261	0.0281800316612
1262	0.0297937174771
1263	0.0312328489217
1264	0.0326418137344
1265	0.0341660190942
1266	0.0361045670402
1267	0.0377665837215
1268	0.0393177780324
1269	0.0410833024146
1270	0.042710279229
1271	0.0445126315223
1272	0.046281912005
1273	0.0475988872432
1274	0.0495210087666
1275	0.0512478388254
1276	0.0530308418363
1277	0.0544949907265
1278	0.0558796426281
1279	0.0573347791717
1280	0.058893085183
1281	0.0605534952156
1282	0.062140648419
1283	0.0637102960462
1284	0.0652756987968
1285	0.0667684016268
1286	0.0682507930461
1287	0.0696108772763
1288	0.0710807288716
1289	0.0729025401219
1290	0.0741674132143
1291	0.075733082538
1292	0.0773599079155
1293	0.0792137898424
1294	0.0804316679464
1295	0.0818455242958
1296	0.0840718297307
1297	0.08536411313
1298	0.0871564271378
1299	0.088496989693
1300	0.089739660409
1301	0.091340789123
1302	0.0930282024652
1303	0.0947932313065
1304	0.0962180983419
1305	0.097559170064
1306	0.0989056509464
1307	0.100123348765
1308	0.101954900788
1309	0.103265096597
1310	0.10508191309
1311	0.10632536274
1312	0.108157621276
1313	0.110239088301
1314	0.111857700127
1315	0.113402731315
1316	0.114856765398
1317	0.116223081069
1318	0.117495608304
1319	0.119439933855
1320	0.120848644062
1321	0.122228019746
1322	0.123702913926
1323	0.125288642145
1324	0.127018119877
1325	0.128210753713
1326	0.129612649757
1327	0.131113003087
1328	0.132699341991
1329	0.134260015395
1330	0.136062309395
1331	0.137599720446
1332	0.138900271996
1333	0.140526131778
1334	0.142178222117
1335	0.143796034004
1336	0.145475831832
1337	0.147263114011
1338	0.148973348253
1339	0.150145027013
1340	0.151444982349
1341	0.153076384099
1342	0.154624230873
1343	0.156605160133
1344	0.158077458136
1345	0.159645470785
1346	0.161368420357
1347	0.162955869192
1348	0.164239005175
1349	0.166067247153
1350	0.167619847692
1351	0.169076548719
1352	0.170591493683
1353	0.171975538287
1354	0.173167905829
1355	0.175042105657
1356	0.176470429226
1357	0.178016604354
1358	0.179706317276
1359	0.180964488986
1360	0.182510607256
1361	0.184087552668
1362	0.185817057627
1363	0.187450066995
1364	0.188886631312
1365	0.190427979337
1366	0.191873885752
1367	0.193480694159
1368	0.195190352012
1369	0.196738749704
1370	0.198328502571
1371	0.200056824517
1372	0.201659476269
1373	0.203242114525
1374	0.204606768622
1375	0.206085353444
1376	0.207586927829
1377	0.209019943679
1378	0.210990213997
1379	0.212803055757
1380	0.214289692509
1381	0.215621801043
1382	0.217581406241
1383	0.219326546128
1384	0.220672611074
1385	0.222167307216
1386	0.22364156226
1387	0.22531324375
1388	0.226983991586
1389	0.228321831135
1390	0.229519668435
1391	0.231103387127
1392	0.232989887073
1393	0.234575114129
1394	0.235940069497
1395	0.237247103776
1396	0.238650884398
1397	0.240363002107
1398	0.241792533505
1399	0.243782237595
1400	0.245300986662
1401	0.246539671908
1402	0.248573717297
1403	0.25010169151
1404	0.251218341487
1405	0.252709297141
1406	0.254020086318
1407	0.255573792875
1408	0.256800495968
1409	0.258279255966
1410	0.259616132669
1411	0.261240820441
1412	0.262979280551
1413	0.264690962156
1414	0.266657724706
1415	0.267947618129
1416	0.269613373414
1417	0.271642253215
1418	0.272907319361
1419	0.274615238924
1420	0.276260561495
1421	0.278374118081
1422	0.28008043832
1423	0.28136698963
1424	0.283021183593
1425	0.284158441381
1426	0.285840636758
1427	0.287804614973
1428	0.289358190792
1429	0.291264412263
1430	0.292861431166
1431	0.294365852746
1432	0.296024681334
1433	0.297257064795
1434	0.298860251097
1435	0.300337148421
1436	0.301791187693
1437	0.303297000732
1438	0.30492912047
1439	0.306750794233
1440	0.307878111529
1441	0.309752365579
1442	0.311742715842
1443	0.313547687578
1444	0.315431190482
1445	0.317295550488
1446	0.31874305303
1447	0.320264505457
1448	0.321881091928
1449	0.323940016743
1450	0.32540188301
1451	0.327081266842
1452	0.329119189833
1453	0.330616358356
1454	0.332042673499
1455	0.333912388676
1456	0.335525322267
1457	0.337005885538
1458	0.338347902437
1459	0.340179626926
1460	0.341651330927
1461	0.342800630791
1462	0.34448757937
1463	0.346089962771
1464	0.34782376555
1465	0.349108010563
1466	0.350368392274
1467	0.352272243145
1468	0.3540741704
1469	0.356139552676
1470	0.358120074864
1471	0.359698266743
1472	0.36111991662
1473	0.362958975277
1474	0.365195848506
1475	0.366831086645
1476	0.368575958121
1477	0.370180716925
1478	0.37166513785
1479	0.373086295579
1480	0.374428301425
1481	0.37663128365
1482	0.378357539747
1483	0.380120756242
1484	0.381660537325
1485	0.383163257457
1486	0.384486845555
1487	0.386028768608
1488	0.387806795366
1489	0.389667986581
1490	0.391090688485
1491	0.392671989916
1492	0.394067137723
1493	0.395841471611
1494	0.39756263623
1495	0.399233792347
1496	0.401068548972
1497	0.402512593472
1498	0.404089408415
1499	0.40551325833
1500	0.407490871306
1501	0.409266113836
1502	0.41055915174
1503	0.41213595735
1504	0.41388288592
1505	0.415477264215
1506	0.416891960946
1507	0.418325382586
1508	0.420160413449
1509	0.421667296789
1510	0.42324901583
1511	0.425526800129
1512	0.427397007504
1513	0.428985717362
1514	0.43076452227
1515	0.432443613077
1516	0.43378926091
1517	0.435298345323
1518	0.437178787228
1519	0.438806307249
1520	0.440486167803
1521	0.441675357795
1522	0.443314791569
1523	0.444938872128
1524	0.446967941892
1525	0.448299616399
1526	0.450135493305
1527	0.451560136128
1528	0.453197233517
1529	0.454874538991
1530	0.456706399693
1531	0.458125000706
1532	0.459724324406
1533	0.461681108092
1534	0.462841858124
1535	0.464256120898
1536	0.465672887187
1537	0.466920144208
1538	0.46883124046
1539	0.470714351716
1540	0.472293806561
1541	0.473584430503
1542	0.47508938023
1543	0.476628937077
1544	0.478408098755
1545	0.480289396615
1546	0.482545953105
1547	0.484266239711
1548	0.486257626279
1549	0.48765831089
1550	0.489270016326
1551	0.491392255809
1552	0.493337622038
1553	0.495289922242
1554	0.496887941896
1555	0.498188450209
1556	0.500052396261
1557	0.501637016622
1558	0.503337108167
1559	0.505317006375
1560	0.506784724846
1561	0.508219277548
1562	0.50971348438
1563	0.511724338375
1564	0.513367006422
1565	0.515002582481
1566	0.516646093937
1567	0.518196049512
1568	0.519752674737
1569	0.520821120685
1570	0.522558627928
1571	0.524123735235
1572	0.525825614777
1573	0.527428607588
1574	0.528864457815
1575	0.530659944631
1576	0.532544322063
1577	0.534107085462
1578	0.536008746173
1579	0.537830090965
1580	0.539452517327
1581	0.540577916878
1582	0.542326982725
1583	0.543768189088
1584	0.545559232354
1585	0.547196382528
1586	0.548782140444
1587	0.550781068983
1588	0.552684443594
1589	0.553845837937
1590	0.55562143164
1591	0.557019416768
1592	0.558983216295
1593	0.560654718689
1594	0.562067464434
1595	0.563590898338
1596	0.565328713546
1597	0.567312824196
1598	0.569098888326
1599	0.570731766873
1600	0.572249398378
1601	0.573867407259
1602	0.57546354448
1603	0.57734171768
1604	0.578688576082
1605	0.580227158732
1606	0.581522970063
1607	0.583192041737
1608	0.585262830446
1609	0.587155785614
1610	0.588874506218
1611	0.590582963752
1612	0.592610515989
1613	0.594031422109
1614	0.595896919735
1615	0.597572243967
1616	0.599086665444
1617	0.600993823102
1618	0.60281200663
1619	0.604375760126
1620	0.606082926277
1621	0.607787311226
1622	0.609246410589
1623	0.61086850023
1624	0.612269893353
1625	0.614149359191
1626	0.615535573773
1627	0.617100607583
1628	0.618904815745
1629	0.621074784874
1630	0.623145811441
1631	0.625101139633
1632	0.627233344595
1633	0.628757636056
1634	0.630328033101
1635	0.632327443284
1636	0.634340490096
1637	0.636374389919
1638	0.63810507133
1639	0.640122063285
1640	0.642152400272
1641	0.644047960684
1642	0.645571230711
1643	0.647022482623
1644	0.648634223737
1645	0.650231729759
1646	0.651961191408
1647	0.653617295309
1648	0.655124691762
1649	0.657087542543
1650	0.65877413449
1651	0.660214152524
1652	0.661556696745
1653	0.663415361853
1654	0.664933591534
1655	0.666392577026
1656	0.668050623952
1657	0.669902949002
1658	0.671379799968
1659	0.67317591282
1660	0.674577302604
1661	0.676473597432
1662	0.678210161854
1663	0.679788217789
1664	0.681513721118
1665	0.683430143919
1666	0.685343311261
1667	0.686949994754
1668	0.688408691927
1669	0.690087933609
1670	0.691481092847
1671	0.693142732229
1672	0.694805695373
1673	0.696138953014
1674	0.697831435492
1675	0.699892434942
1676	0.701684162419
1677	0.703672414151
1678	0.705319181406
1679	0.706921803135
1680	0.708573121408
1681	0.710371899768
1682	0.711933797341
1683	0.713540474652
1684	0.715245677803
1685	0.717474487352
1686	0.719210107029
1687	0.720956667803
1688	0.723020532355
1689	0.724782940582
1690	0.726330859984
1691	0.728034113065
1692	0.729671274168
1693	0.731292967377
1694	0.733526125982
1695	0.735762540956
1696	0.737435105281
1697	0.739188491666
1698	0.741169347188
1699	0.74284411698
1700	0.744771563238
1701	0.74656485623
1702	0.748201492349
1703	0.749703659414
1704	0.75160828456
1705	0.754121183054
1706	0.755901424197
1707	0.757897768595
1708	0.759898634753
1709	0.761418025999
1710	0.763263166926
1711	0.765345731068
1712	0.76716723153
1713	0.768863943911
1714	0.770167284095
1715	0.772328048242
1716	0.774200781333
1717	0.775923421163
1718	0.778076725264
1719	0.780215901499
1720	0.7818056359
1721	0.783812693235
1722	0.785653301614
1723	0.78770469685
1724	0.78958913155
1725	0.791335305231
1726	0.792929113257
1727	0.794814852312
1728	0.796516412337
1729	0.797976512392
1730	0.799953690658
1731	0.801561589728
1732	0.803400584005
1733	0.804993260121
1734	0.806337521831
1735	0.808385220005
1736	0.809795112318
1737	0.811383320712
1738	0.813263664034
1739	0.815026957572
1740	0.81651234928
1741	0.818193236786
1742	0.820038524357
1743	0.822210648255
1744	0.824106031578
1745	0.825624476803
1746	0.827386351588
1747	0.829125358242
1748	0.831635004871
1749	0.833199976017
1750	0.834839759353
1751	0.836507571228
1752	0.83805503686
1753	0.840235597255
1754	0.84202681953
1755	0.843892983128
1756	0.846217405971
1757	0.848172088612
1758	0.849727546133
1759	0.851109693978
1760	0.852708776635
1761	0.854464927013
1762	0.85602191138
1763	0.857954519666
1764	0.859548063625
1765	0.86121678794
1766	0.862921181504
1767	0.864761466743
1768	0.866601829287
1769	0.868521507789
1770	0.870322798382
1771	0.872506123968
1772	0.874797312335
1773	0.877099459956
1774	0.878668677603
1775	0.880268310694
1776	0.882056890419
1777	0.883709713705
1778	0.885625458369
1779	0.888003435744
1780	0.890101744862
1781	0.89184241354
1782	0.893711723962
1783	0.895565400855
1784	0.897611287551
1785	0.899223225471
1786	0.901306433341
1787	0.903183473568
1788	0.905132774814
1789	0.906768852248
1790	0.909661585777
1791	0.911158746898
1792	0.913288874932
1793	0.914907252997
1794	0.916645569557
1795	0.918800858375
1796	0.920797822732
1797	0.922704877303
1798	0.924402352316
1799	0.926184246131
1800	0.928029156269
1801	0.930148081716
1802	0.932024471717
1803	0.933706676192
1804	0.935599809713
1805	0.937211262946
1806	0.939596727475
1807	0.941518513437
1808	0.943369248849
1809	0.945546246254
1810	0.947870205812
1811	0.94932614
1812	0.951306531281
1813	0.95348118618
1814	0.955701659729
1815	0.957887956576
1816	0.959593007385
1817	0.961529614529
1818	0.963313748676
1819	0.965281924567
1820	0.966761735837
1821	0.968281268192
1822	0.970227491816
1823	0.972142221956
1824	0.973603992037
1825	0.975648713172
1826	0.977772276753
1827	0.979403601939
1828	0.981336302705
1829	0.983280196803
1830	0.984970195844
1831	0.986912595639
1832	0.988721791034
1833	0.990366366422
1834	0.992247908586
1835	0.994526818768
1836	0.996556881468
1837	0.99853015194
1838	0.999918076845
1839	1.00164370245
1840	1.00350548964
1841	1.00535134369
1842	1.00738509409
1843	1.01012960206
1844	1.01231964211
1845	1.01468169133
1846	1.0168064469
1847	1.01870202374
1848	1.02118007534
1849	1.02295602936
1850	1.02508309387
1851	1.02760723816
1852	1.02899906749
1853	1.03102277127
1854	1.03275319066
1855	1.03477724396
1856	1.03720338173
1857	1.03921803608
1858	1.0407601064
1859	1.04284688183
1860	1.04501394327
1861	1.04685462357
1862	1.04884832748
1863	1.05076203585
1864	1.05240894191
1865	1.05428179168
1866	1.05647752151
1867	1.05843379814
1868	1.06070214644
1869	1.06320785801
1870	1.06536818266
1871	1.0673639978
1872	1.069517212
1873	1.07131385784
1874	1.07294430389
1875	1.07521153998
1876	1.07714034936
1877	1.07878262383
1878	1.08095437874
1879	1.08289152184
1880	1.0846981606
1881	1.08678241128
1882	1.08840650986
1883	1.09084610321
1884	1.09312097026
1885	1.09477547358
1886	1.09677869009
1887	1.09919531314
1888	1.10157793124
1889	1.10397914733
1890	1.10606732807
1891	1.10780917516
1892	1.11049072234
1893	1.11278938143
1894	1.11471484201
1895	1.11697602495
1896	1.11883485154
1897	1.1210186691
1898	1.12269192804
1899	1.12481366072
1900	1.12653850595
1901	1.12884683299
1902	1.13150489027
1903	1.13304285787
1904	1.13556857008
1905	1.13796998547
1906	1.14028979685
1907	1.14266684093
1908	1.14436910698
1909	1.1466029955
1910	1.14845375239
1911	1.15094985914
1912	1.15313525449
1913	1.15506644321
1914	1.15694088355
1915	1.15915098992
1916	1.16145953703
1917	1.16388227041
1918	1.16604553206
1919	1.16836734859
1920	1.16993310092
1921	1.17196598148
1922	1.17417378141
1923	1.17653817286
1924	1.17878069695
1925	1.18115168967
1926	1.18318078569
1927	1.1854325163
1928	1.18738548144
1929	1.18961147778
1930	1.19182022502
1931	1.19431939496
1932	1.19665534111
1933	1.19955946237
1934	1.20175253226
1935	1.20385917712
1936	1.20614235699
1937	1.20804242214
1938	1.21048330036
1939	1.21255147134
1940	1.21474223496
1941	1.21704734419
1942	1.21951596662
1943	1.22129406251
1944	1.22319553952
1945	1.22525551836
1946	1.22774934825
1947	1.23019275911
1948	1.23212565664
1949	1.23410400319
1950	1.23635898206
1951	1.23879904288
1952	1.24139335533
1953	1.24349023638
1954	1.2451967752
1955	1.24697428287
1956	1.24885852109
1957	1.25142942458
1958	1.25416905194
1959	1.25640761249
1960	1.25885417356
1961	1.26114246797
1962	1.26263798311
1963	1.26483065897
1964	1.26747404501
1965	1.26981077382
1966	1.27195885044
1967	1.27433110066
1968	1.27691677643
1969	1.27970857403
1970	1.28158107168
1971	1.28390527759
1972	1.28597334522
1973	1.28801372127
1974	1.29039529563
1975	1.29265510076
1976	1.29540556303
1977	1.29816974991
1978	1.30066658939
1979	1.30290730132
1980	1.30504332103
1981	1.30733804984
1982	1.30979943205
1983	1.31243608673
1984	1.31461188048
1985	1.31696410636
1986	1.32002530576
1987	1.32248661017
1988	1.32507272029
1989	1.32743659344
1990	1.32999630972
1991	1.33275000126
1992	1.33560195261
1993	1.33751801794
1994	1.33986838316
1995	1.34225903177
1996	1.34480221047
1997	1.34710609302
1998	1.34927982901
1999	1.35162756122
2000	1.35388480449
2001	1.35631279731
2002	1.35874628876
2003	1.36086512075
2004	1.36334263524
2005	1.36598533154
2006	1.36791792675
2007	1.37035880045
2008	1.3732801792
2009	1.37561862738
2010	1.37815289885
2011	1.38048690638
2012	1.38266402431
2013	1.38532669033
2014	1.38734998836
2015	1.38982815581
2016	1.39255147743
2017	1.39520756742
2018	1.39781202677
2019	1.40029974695
2020	1.40299627794
2021	1.40503795534
2022	1.40751711657
2023	1.40991056486
2024	1.41233177827
2025	1.41490921693
2026	1.41752807386
2027	1.41979422413
2028	1.42281046574
2029	1.42502518657
2030	1.42843373332
2031	1.4312682812
2032	1.43332623177
2033	1.43586500331
2034	1.4382845966
2035	1.44048195105
2036	1.44253417136
2037	1.44486934467
2038	1.44719880342
2039	1.44979035069
2040	1.45206632899
2041	1.45438615051
2042	1.45723700027
2043	1.45983679628
2044	1.46237048344
2045	1.46516827673
2046	1.46770985818
2047	1.4700547632
2048	1.47224826754
2049	1.47511105865
2050	1.47748775423
2051	1.4801552326
2052	1.48268896266
2053	1.48507320357
2054	1.48820555517
2055	1.49068247091
2056	1.49381924047
2057	1.49654581418
2058	1.49913769859
2059	1.50185762606
2060	1.5042948441
2061	1.50717263521
2062	1.50969588667
2063	1.51239834092
2064	1.51521967609
2065	1.51780509593
2066	1.51994229766
2067	1.52231254549
2068	1.52486485262
2069	1.5279843004
2070	1.53137384098
2071	1.53349234554
2072	1.53579795107
2073	1.53898308706
2074	1.54163018984
2075	1.54443245557
2076	1.54717924751
2077	1.54997402972
2078	1.55311645158
2079	1.55561360889
2080	1.55839897727
2081	1.56124691
2082	1.56379377175
2083	1.56606331339
2084	1.56881462812
2085	1.57109013803
2086	1.57380133305
2087	1.57695261582
2088	1.57988076423
2089	1.58293274438
2090	1.58649961303
2091	1.58980059564
2092	1.59308529035
2093	1.59574841954
2094	1.59846927479
2095	1.60122386924
2096	1.60347198246
2097	1.60621141318
2098	1.60925146682
2099	1.61265878606
2100	1.61500701508
2101	1.61728686184
2102	1.620215675
2103	1.62304906459
2104	1.62622296552
2105	1.62893316623
2106	1.63148087794
2107	1.63498754569
2108	1.6380160442
2109	1.64057522763
2110	1.64354531782
2111	1.64630344617
2112	1.64972953661
2113	1.65285965908
2114	1.65606081071
2115	1.65919501645
2116	1.66188233435
2117	1.66516279996
2118	1.66805227975
2119	1.67106406601
2120	1.6734631998
2121	1.67613589589
2122	1.67946977138
2123	1.68247048292
2124	1.68529122497
2125	1.6881375416
2126	1.69141730967
2127	1.69459215875
2128	1.69801293365
2129	1.7006321241
2130	1.70368665758
2131	1.70655583021
2132	1.71029787819
2133	1.71299110143
2134	1.71634459115
2135	1.71942266565
2136	1.72225513478
2137	1.72509267145
2138	1.7282505224
2139	1.73159666946
2140	1.73507137367
2141	1.73746728468
2142	1.74093924955
2143	1.74401914883
2144	1.74698415307
2145	1.75048154448
2146	1.75294685517
2147	1.7557579118
2148	1.7588206487
2149	1.76167424785
2150	1.76398784094
2151	1.76765803516
2152	1.77079544396
2153	1.77434048906
2154	1.77785310506
2155	1.78097362134
2156	1.78406436784
2157	1.78769559816
2158	1.7911212406
2159	1.79472450746
2160	1.79819877893
2161	1.8018462852
2162	1.80513846994
2163	1.80860301554
2164	1.81188617087
2165	1.81462937552
2166	1.81752187514
2167	1.82035367784
2168	1.82408391553
2169	1.82671311563
2170	1.83005986505
2171	1.83317777059
2172	1.83641416285
2173	1.83947736295
2174	1.84243938426
2175	1.84663440086
2176	1.84996347215
2177	1.85305374282
2178	1.85610181474
2179	1.85985000097
2180	1.86333146772
2181	1.86649339481
2182	1.86983702746
2183	1.87265336126
2184	1.87638184678
2185	1.87926617416
2186	1.88250423795
2187	1.88646822372
2188	1.88932766308
2189	1.89232761829
2190	1.89511726191
2191	1.8982071314
2192	1.90150872223
2193	1.90440792269
2194	1.90807697812
2195	1.91168754223
2196	1.91515473744
2197	1.91802079859
2198	1.9211563023
2199	1.92463222122
2200	1.92825303269
2201	1.93126294574
2202	1.93565591432
2203	1.93870932166
2204	1.94206653759
2205	1.94481101708
2206	1.94772214885
2207	1.95163625925
2208	1.95606370735
2209	1.96047971466
2210	1.96363949998
2211	1.96652774211
2212	1.97024412976
2213	1.97294515775
2214	1.9768260972
2215	1.98021588142
2216	1.98404399066
2217	1.98704854786
2218	1.990246548
2219	1.99312223718
2220	1.9964801888
2221	2.00045864041
2222	2.00470822925
2223	2.00824193072
2224	2.011821985
2225	2.01463555931
2226	2.0171312125
2227	2.02077671754
2228	2.02453931676
2229	2.02866509788
2230	2.03179469626
2231	2.03524412443
2232	2.03915305795
2233	2.04307581171
2234	2.04706636012
2235	2.05065826649
2236	2.05323400922
2237	2.05695446252
2238	2.06102648107
2239	2.06496186509
2240	2.06850958698
2241	2.07198868475
2242	2.07549847238
2243	2.07966869829
2244	2.08298915068
2245	2.08730443249
2246	2.09042536719
2247	2.09330753269
2248	2.09814806998
2249	2.10224855974
2250	2.10636377499
2251	2.10987925531
2252	2.11336508991
2253	2.11765346596
2254	2.1212458033
2255	2.12494769694
2256	2.12802980272
2257	2.13207078003
2258	2.13577607066
2259	2.13933345759
2260	2.14418994564
2261	2.14791400134
2262	2.15236205093
2263	2.15719964622
2264	2.16122074563
2265	2.16459667756
2266	2.16910581779
2267	2.17347056685
2268	2.17686462804
2269	2.18115132157
2270	2.1856753443
2271	2.18972137546
2272	2.19413040789
2273	2.19813903544
2274	2.20182252988
2275	2.20565776963
2276	2.21016266108
2277	2.21470727421
2278	2.21951526267
2279	2.22348083402
2280	2.22698354075
2281	2.23107881887
2282	2.23558185965
2283	2.23958106173
2284	2.24481524743
2285	2.24956644307
2286	2.25450722095
2287	2.25928441028
2288	2.26244561773
2289	2.26568769483
2290	2.27066288814
2291	2.27700116064
2292	2.28143153804
2293	2.28581126977
2294	2.29018936563
2295	2.29625805062
2296	2.30122321707
2297	2.30559907651
2298	2.31038639208
2299	2.31464182314
2300	2.31849965114
2301	2.32387413198
2302	2.32926285833
2303	2.33487870782
2304	2.33893970998
2305	2.34423062813
2306	2.34847840921
2307	2.35271236148
2308	2.35792354196
2309	2.36224224003
2310	2.36715439531
2311	2.37289019336
2312	2.37748299897
2313	2.38212912701
2314	2.38629932073
2315	2.39137163239
2316	2.39661719862
2317	2.40035396602
2318	2.40497339218
2319	2.41043777844
2320	2.41489291562
2321	2.41968521306
2322	2.4249162249
2323	2.42992182452
2324	2.43429983313
2325	2.43912117015
2326	2.44486199811
2327	2.44936485321
2328	2.45388169696
2329	2.45983817064
2330	2.46465881122
2331	2.4701306309
2332	2.47615433803
2333	2.48262043512
2334	2.4872366238
2335	2.49247141965
2336	2.49627506901
2337	2.50117543464
2338	2.50620367108
2339	2.5111026306
2340	2.51708796126
2341	2.52086188191
2342	2.52461134242
2343	2.52888024338
2344	2.53409626875
2345	2.53895428428
2346	2.54460693523
2347	2.54999446718
2348	2.55482080517
2349	2.56025004783
2350	2.56539560056
2351	2.57059468431
2352	2.57599372428
2353	2.58062666203
2354	2.58634076374
2355	2.5918510745
2356	2.59603312781
2357	2.60083936533
2358	2.606689418
2359	2.61212314663
2360	2.61761797017
2361	2.62178720509
2362	2.62596382028
2363	2.6312021519
2364	2.63708194485
2365	2.64349586543
2366	2.64871852785
2367	2.65538004188
2368	2.66117741174
2369	2.66658514586
2370	2.67153859674
2371	2.67850937008
2372	2.68374789654
2373	2.68822288941
2374	2.69390896856
2375	2.69997204015
2376	2.7062615836
2377	2.71180750952
2378	2.71796455389
2379	2.7243243713
2380	2.73154321567
2381	2.73808700252
2382	2.74322459407
2383	2.74867106423
2384	2.75465803938
2385	2.76090875437
2386	2.76635985294
2387	2.77232379626
2388	2.77934691274
2389	2.78464093168
2390	2.78993878584
2391	2.79539916816
2392	2.79989347602
2393	2.80624266118
2394	2.81228796037
2395	2.82040851874
2396	2.82620168707
2397	2.83173221863
2398	2.83692670187
2399	2.842450726
2400	2.847918216
2401	2.85355963209
2402	2.86038384488
2403	2.86556388706
2404	2.87298807971
2405	2.88115836252
2406	2.88702212679
2407	2.8928539012
2408	2.8998238339
2409	2.90666093557
2410	2.9147874592
2411	2.92033388974
2412	2.92767729866
2413	2.93405580802
2414	2.94126072452
2415	2.94761774051
2416	2.95386412906
2417	2.95823429894
2418	2.96468315808
2419	2.97181079951
2420	2.97930475895
2421	2.9861429668
2422	2.99289216865
2423	2.99977046298
2424	3.0066175966
2425	3.01269043249
2426	3.0207424752
2427	3.02958202824
2428	3.03852115203
2429	3.0480080383
2430	3.05577126849
2431	3.06276750634
2432	3.06990821358
2433	3.07812093975
2434	3.08640979564
2435	3.09513148758
2436	3.1033671143
2437	3.11066328802
2438	3.11942554392
2439	3.12680713926
2440	3.13456225097
2441	3.14166840158
2442	3.14871237716
2443	3.156834232
2444	3.16548083129
2445	3.17364013651
2446	3.18085869693
2447	3.18823929243
2448	3.19626768053
2449	3.2040997829
2450	3.21154443608
2451	3.21911747449
2452	3.22792569855
2453	3.23706800269
2454	3.24650782205
2455	3.25332211482
2456	3.26293820879
2457	3.27149551043
2458	3.28096940376
2459	3.28981702806
2460	3.29891277996
2461	3.30770024341
2462	3.3170968173
2463	3.32765511091
2464	3.33735653405
2465	3.35021830137
2466	3.3563368877
2467	3.36512157325
2468	3.37257336383
2469	3.38090732235
2470	3.39048599159
2471	3.40261023212
2472	3.41192408769
2473	3.42206000838
2474	3.43217876904
2475	3.4395095459
2476	3.45003617423
2477	3.46330567834
2478	3.4748141167
2479	3.486567741
2480	3.49733971087
2481	3.50670152415
2482	3.51537541887
2483	3.52502881725
2484	3.53670309785
2485	3.54809884532
2486	3.55760179668
2487	3.56793737016
2488	3.58081767291
2489	3.59130886803
2490	3.60449924183
2491	3.61567779279
2492	3.62650306127
2493	3.63806105935
2494	3.64903886198
2495	3.65967992662
2496	3.67259419063
2497	3.68464564259
2498	3.69750157721
2499	3.71286438548
2500	3.72271247333
2501	3.73636915283
2502	3.74755399654
2503	3.75785503044
2504	3.76850794657
2505	3.7801404265
2506	3.79364449271
2507	3.80717550164
2508	3.81859212558
2509	3.83088508908
2510	3.84847027206
2511	3.86428083112
2512	3.87866819562
2513	3.89444283395
2514	3.90826342519
2515	3.92410857591
2516	3.93911226074
2517	3.95235308
2518	3.96515669922
2519	3.97863922734
2520	3.99420505038
2521	4.01124325056
2522	4.02390892133
2523	4.03603465415
2524	4.0516412911
2525	4.06884371516
2526	4.08389464549
2527	4.1026345912
2528	4.11741071213
2529	4.13339155232
2530	4.14830557024
2531	4.16509392789
2532	4.18332803458
2533	4.19818211702
2534	4.2134828414
2535	4.23242017103
2536	4.25514517075
2537	4.2731443414
2538	4.29070563621
2539	4.31166883162
2540	4.33437369833
2541	4.35520656249
2542	4.37784959003
2543	4.39952732332
2544	4.42242371327
2545	4.44257342138
2546	4.47249786951
2547	4.50262149413
2548	4.5270058222
2549	4.54904705973
2550	4.57827392035
2551	4.60455253014
2552	4.62847472006
2553	4.65540832745
2554	4.67761693984
2555	4.70210947469
2556	4.72639644982
2557	4.75717800352
2558	4.79188771687
2559	4.82301884074
2560	4.85509037763
2561	4.89163581954
2562	4.92526711883
2563	4.95322392166
2564	4.98418970962
2565	5.02622023566
2566	5.05696667156
2567	5.10401856939
2568	5.14067122622
2569	5.17636333092
2570	5.22511499947
2571	5.25492941709
2572	5.30278047441
2573	5.34597220941
2574	5.41446491697
2575	5.46844477613
2576	5.51569595048
2577	5.55901362089
2578	5.62342809266
2579	5.66742341561
2580	5.73436083358
2581	5.83312032071
2582	5.91701720899
2583	5.99347249137
2584	6.08207239163
2585	6.1910737816
2586	6.29996097724
2587	6.45012774386
2588	6.61092308151
2589	6.7579816612
2590	6.917044479
2591	7.15907292495
2592	7.4860443278
2593	7.84484882885
2594	8.16993528377
2595	9.02829580137
2596	9.9250375695
2597	11.7668350072
